dqn:
  batch_size: 128
  buffer_size: 10000
  exploration_final_eps: 0.09093211417909187
  exploration_fraction: 0.11609927820572769
  gamma: 0.9749026548185521
  learning_rate: 0.004677588638704869
  learning_starts: 1000
  target_update_interval: 500
